DATASET_NAME: COMPAS-ProPublica
ENSEMBLE: RF
NB_TREES: 5
NB_FEATURES: 12
NB_CLASSES: 2
MAX_TREE_DEPTH: 20
Format: node / node type (LN - leave node, IN - internal node) left child / right child / feature / threshold / node_depth / majority class (starts with index 0)

[TREE 0]
NB_NODES: 213
0 IN 1 146 11 0.500000 11 0
1 IN 2 73 2 0.500000 10 0
2 IN 3 44 3 0.500000 9 0
3 IN 4 31 9 0.500000 8 0
4 IN 5 20 0 0.500000 7 0
5 IN 6 15 8 0.500000 6 0
6 IN 7 8 4 0.500000 5 0
7 LN -1 -1 -1 -1.000000 1 0
8 IN 9 10 5 0.500000 4 0
9 LN -1 -1 -1 -1.000000 1 1
10 IN 11 14 7 0.500000 3 0
11 IN 12 13 6 0.500000 2 1
12 LN -1 -1 -1 -1.000000 1 1
13 LN -1 -1 -1 -1.000000 1 0
14 LN -1 -1 -1 -1.000000 1 0
15 IN 16 17 7 0.500000 3 0
16 LN -1 -1 -1 -1.000000 1 0
17 IN 18 19 4 0.500000 2 0
18 LN -1 -1 -1 -1.000000 1 0
19 LN -1 -1 -1 -1.000000 1 0
20 IN 21 26 8 0.500000 4 0
21 IN 22 23 4 0.500000 3 0
22 LN -1 -1 -1 -1.000000 1 0
23 IN 24 25 7 0.500000 2 1
24 LN -1 -1 -1 -1.000000 1 0
25 LN -1 -1 -1 -1.000000 1 1
26 IN 27 28 7 0.500000 3 0
27 LN -1 -1 -1 -1.000000 1 0
28 IN 29 30 4 0.500000 2 0
29 LN -1 -1 -1 -1.000000 1 0
30 LN -1 -1 -1 -1.000000 1 0
31 IN 32 33 5 0.500000 6 0
32 LN -1 -1 -1 -1.000000 1 1
33 IN 34 35 6 0.500000 5 0
34 LN -1 -1 -1 -1.000000 1 0
35 IN 36 41 0 0.500000 4 0
36 IN 37 38 4 0.500000 3 0
37 LN -1 -1 -1 -1.000000 1 0
38 IN 39 40 7 0.500000 2 0
39 LN -1 -1 -1 -1.000000 1 0
40 LN -1 -1 -1 -1.000000 1 0
41 IN 42 43 4 0.500000 2 0
42 LN -1 -1 -1 -1.000000 1 0
43 LN -1 -1 -1 -1.000000 1 0
44 IN 45 62 7 0.500000 7 0
45 IN 46 57 9 0.500000 6 1
46 IN 47 56 0 0.500000 5 1
47 IN 48 55 8 0.500000 4 1
48 IN 49 52 5 0.500000 3 1
49 IN 50 51 6 0.500000 2 1
50 LN -1 -1 -1 -1.000000 1 1
51 LN -1 -1 -1 -1.000000 1 0
52 IN 53 54 6 0.500000 2 1
53 LN -1 -1 -1 -1.000000 1 1
54 LN -1 -1 -1 -1.000000 1 0
55 LN -1 -1 -1 -1.000000 1 0
56 LN -1 -1 -1 -1.000000 1 0
57 IN 58 59 5 0.500000 3 1
58 LN -1 -1 -1 -1.000000 1 1
59 IN 60 61 6 0.500000 2 1
60 LN -1 -1 -1 -1.000000 1 0
61 LN -1 -1 -1 -1.000000 1 1
62 IN 63 70 8 0.500000 4 0
63 IN 64 67 9 0.500000 3 0
64 IN 65 66 0 0.500000 2 1
65 LN -1 -1 -1 -1.000000 1 1
66 LN -1 -1 -1 -1.000000 1 1
67 IN 68 69 0 0.500000 2 0
68 LN -1 -1 -1 -1.000000 1 0
69 LN -1 -1 -1 -1.000000 1 0
70 IN 71 72 0 0.500000 2 0
71 LN -1 -1 -1 -1.000000 1 0
72 LN -1 -1 -1 -1.000000 1 0
73 IN 74 95 6 0.500000 8 1
74 IN 75 94 8 0.500000 6 1
75 IN 76 83 10 0.500000 5 1
76 IN 77 80 0 0.500000 3 1
77 IN 78 79 1 0.500000 2 1
78 LN -1 -1 -1 -1.000000 1 1
79 LN -1 -1 -1 -1.000000 1 1
80 IN 81 82 1 0.500000 2 1
81 LN -1 -1 -1 -1.000000 1 0
82 LN -1 -1 -1 -1.000000 1 1
83 IN 84 87 5 0.500000 4 1
84 IN 85 86 1 0.500000 2 1
85 LN -1 -1 -1 -1.000000 1 0
86 LN -1 -1 -1 -1.000000 1 1
87 IN 88 91 0 0.500000 3 1
88 IN 89 90 1 0.500000 2 1
89 LN -1 -1 -1 -1.000000 1 1
90 LN -1 -1 -1 -1.000000 1 1
91 IN 92 93 1 0.500000 2 1
92 LN -1 -1 -1 -1.000000 1 1
93 LN -1 -1 -1 -1.000000 1 1
94 LN -1 -1 -1 -1.000000 1 1
95 IN 96 127 0 0.500000 7 1
96 IN 97 116 9 0.500000 6 1
97 IN 98 109 8 0.500000 5 1
98 IN 99 106 7 0.500000 4 1
99 IN 100 103 5 0.500000 3 1
100 IN 101 102 1 0.500000 2 1
101 LN -1 -1 -1 -1.000000 1 1
102 LN -1 -1 -1 -1.000000 1 1
103 IN 104 105 1 0.500000 2 1
104 LN -1 -1 -1 -1.000000 1 0
105 LN -1 -1 -1 -1.000000 1 1
106 IN 107 108 1 0.500000 2 1
107 LN -1 -1 -1 -1.000000 1 1
108 LN -1 -1 -1 -1.000000 1 1
109 IN 110 113 1 0.500000 3 0
110 IN 111 112 7 0.500000 2 0
111 LN -1 -1 -1 -1.000000 1 1
112 LN -1 -1 -1 -1.000000 1 0
113 IN 114 115 7 0.500000 2 1
114 LN -1 -1 -1 -1.000000 1 1
115 LN -1 -1 -1 -1.000000 1 1
116 IN 117 122 1 0.500000 4 1
117 IN 118 119 5 0.500000 3 1
118 LN -1 -1 -1 -1.000000 1 1
119 IN 120 121 7 0.500000 2 0
120 LN -1 -1 -1 -1.000000 1 1
121 LN -1 -1 -1 -1.000000 1 0
122 IN 123 126 7 0.500000 3 1
123 IN 124 125 5 0.500000 2 1
124 LN -1 -1 -1 -1.000000 1 1
125 LN -1 -1 -1 -1.000000 1 1
126 LN -1 -1 -1 -1.000000 1 1
127 IN 128 141 10 0.500000 5 0
128 IN 129 136 1 0.500000 4 0
129 IN 130 133 9 0.500000 3 0
130 IN 131 132 7 0.500000 2 0
131 LN -1 -1 -1 -1.000000 1 1
132 LN -1 -1 -1 -1.000000 1 0
133 IN 134 135 7 0.500000 2 0
134 LN -1 -1 -1 -1.000000 1 0
135 LN -1 -1 -1 -1.000000 1 0
136 IN 137 138 7 0.500000 3 1
137 LN -1 -1 -1 -1.000000 1 1
138 IN 139 140 9 0.500000 2 0
139 LN -1 -1 -1 -1.000000 1 0
140 LN -1 -1 -1 -1.000000 1 0
141 IN 142 143 1 0.500000 3 1
142 LN -1 -1 -1 -1.000000 1 1
143 IN 144 145 7 0.500000 2 1
144 LN -1 -1 -1 -1.000000 1 1
145 LN -1 -1 -1 -1.000000 1 0
146 IN 147 176 3 0.500000 8 1
147 IN 148 169 7 0.500000 6 1
148 IN 149 158 5 0.500000 5 1
149 IN 150 151 6 0.500000 4 1
150 LN -1 -1 -1 -1.000000 1 1
151 IN 152 155 4 0.500000 3 1
152 IN 153 154 0 0.500000 2 0
153 LN -1 -1 -1 -1.000000 1 1
154 LN -1 -1 -1 -1.000000 1 0
155 IN 156 157 0 0.500000 2 1
156 LN -1 -1 -1 -1.000000 1 1
157 LN -1 -1 -1 -1.000000 1 0
158 IN 159 164 0 0.500000 4 1
159 IN 160 161 6 0.500000 3 1
160 LN -1 -1 -1 -1.000000 1 1
161 IN 162 163 4 0.500000 2 1
162 LN -1 -1 -1 -1.000000 1 1
163 LN -1 -1 -1 -1.000000 1 1
164 IN 165 166 6 0.500000 3 1
165 LN -1 -1 -1 -1.000000 1 1
166 IN 167 168 4 0.500000 2 0
167 LN -1 -1 -1 -1.000000 1 1
168 LN -1 -1 -1 -1.000000 1 0
169 IN 170 173 4 0.500000 3 1
170 IN 171 172 0 0.500000 2 0
171 LN -1 -1 -1 -1.000000 1 1
172 LN -1 -1 -1 -1.000000 1 0
173 IN 174 175 0 0.500000 2 1
174 LN -1 -1 -1 -1.000000 1 1
175 LN -1 -1 -1 -1.000000 1 1
176 IN 177 186 5 0.500000 7 1
177 IN 178 181 2 0.500000 4 1
178 IN 179 180 6 0.500000 2 1
179 LN -1 -1 -1 -1.000000 1 1
180 LN -1 -1 -1 -1.000000 1 1
181 IN 182 185 1 0.500000 3 1
182 IN 183 184 6 0.500000 2 1
183 LN -1 -1 -1 -1.000000 1 1
184 LN -1 -1 -1 -1.000000 1 1
185 LN -1 -1 -1 -1.000000 1 1
186 IN 187 196 6 0.500000 6 1
187 IN 188 193 0 0.500000 4 1
188 IN 189 190 2 0.500000 3 1
189 LN -1 -1 -1 -1.000000 1 1
190 IN 191 192 1 0.500000 2 1
191 LN -1 -1 -1 -1.000000 1 1
192 LN -1 -1 -1 -1.000000 1 1
193 IN 194 195 1 0.500000 2 0
194 LN -1 -1 -1 -1.000000 1 0
195 LN -1 -1 -1 -1.000000 1 1
196 IN 197 208 0 0.500000 5 1
197 IN 198 203 7 0.500000 4 1
198 IN 199 202 1 0.500000 3 1
199 IN 200 201 2 0.500000 2 1
200 LN -1 -1 -1 -1.000000 1 1
201 LN -1 -1 -1 -1.000000 1 1
202 LN -1 -1 -1 -1.000000 1 1
203 IN 204 207 1 0.500000 3 1
204 IN 205 206 2 0.500000 2 1
205 LN -1 -1 -1 -1.000000 1 1
206 LN -1 -1 -1 -1.000000 1 1
207 LN -1 -1 -1 -1.000000 1 1
208 IN 209 210 2 0.500000 3 1
209 LN -1 -1 -1 -1.000000 1 1
210 IN 211 212 1 0.500000 2 1
211 LN -1 -1 -1 -1.000000 1 1
212 LN -1 -1 -1 -1.000000 1 1

[TREE 1]
NB_NODES: 211
0 IN 1 72 3 0.500000 11 0
1 IN 2 39 0 0.500000 8 0
2 IN 3 34 8 0.500000 7 0
3 IN 4 23 7 0.500000 6 1
4 IN 5 12 11 0.500000 5 1
5 IN 6 7 10 0.500000 4 0
6 LN -1 -1 -1 -1.000000 1 0
7 IN 8 9 5 0.500000 3 1
8 LN -1 -1 -1 -1.000000 1 1
9 IN 10 11 6 0.500000 2 0
10 LN -1 -1 -1 -1.000000 1 0
11 LN -1 -1 -1 -1.000000 1 0
12 IN 13 16 4 0.500000 4 1
13 IN 14 15 5 0.500000 2 1
14 LN -1 -1 -1 -1.000000 1 1
15 LN -1 -1 -1 -1.000000 1 1
16 IN 17 20 6 0.500000 3 1
17 IN 18 19 5 0.500000 2 1
18 LN -1 -1 -1 -1.000000 1 1
19 LN -1 -1 -1 -1.000000 1 1
20 IN 21 22 5 0.500000 2 1
21 LN -1 -1 -1 -1.000000 1 1
22 LN -1 -1 -1 -1.000000 1 1
23 IN 24 29 4 0.500000 4 0
24 IN 25 28 9 0.500000 3 0
25 IN 26 27 11 0.500000 2 0
26 LN -1 -1 -1 -1.000000 1 0
27 LN -1 -1 -1 -1.000000 1 1
28 LN -1 -1 -1 -1.000000 1 0
29 IN 30 33 10 0.500000 3 1
30 IN 31 32 9 0.500000 2 1
31 LN -1 -1 -1 -1.000000 1 1
32 LN -1 -1 -1 -1.000000 1 0
33 LN -1 -1 -1 -1.000000 1 0
34 IN 35 36 4 0.500000 3 0
35 LN -1 -1 -1 -1.000000 1 0
36 IN 37 38 7 0.500000 2 0
37 LN -1 -1 -1 -1.000000 1 0
38 LN -1 -1 -1 -1.000000 1 0
39 IN 40 59 11 0.500000 7 0
40 IN 41 54 10 0.500000 6 0
41 IN 42 47 9 0.500000 5 0
42 IN 43 44 4 0.500000 3 0
43 LN -1 -1 -1 -1.000000 1 0
44 IN 45 46 7 0.500000 2 0
45 LN -1 -1 -1 -1.000000 1 0
46 LN -1 -1 -1 -1.000000 1 0
47 IN 48 49 6 0.500000 4 0
48 LN -1 -1 -1 -1.000000 1 0
49 IN 50 51 4 0.500000 3 0
50 LN -1 -1 -1 -1.000000 1 0
51 IN 52 53 7 0.500000 2 0
52 LN -1 -1 -1 -1.000000 1 0
53 LN -1 -1 -1 -1.000000 1 0
54 IN 55 56 7 0.500000 3 0
55 LN -1 -1 -1 -1.000000 1 1
56 IN 57 58 4 0.500000 2 0
57 LN -1 -1 -1 -1.000000 1 0
58 LN -1 -1 -1 -1.000000 1 0
59 IN 60 65 4 0.500000 5 1
60 IN 61 62 5 0.500000 3 0
61 LN -1 -1 -1 -1.000000 1 0
62 IN 63 64 7 0.500000 2 0
63 LN -1 -1 -1 -1.000000 1 1
64 LN -1 -1 -1 -1.000000 1 0
65 IN 66 71 7 0.500000 4 1
66 IN 67 68 5 0.500000 3 1
67 LN -1 -1 -1 -1.000000 1 1
68 IN 69 70 6 0.500000 2 1
69 LN -1 -1 -1 -1.000000 1 1
70 LN -1 -1 -1 -1.000000 1 0
71 LN -1 -1 -1 -1.000000 1 1
72 IN 73 102 5 0.500000 10 1
73 IN 74 97 0 0.500000 7 1
74 IN 75 82 6 0.500000 6 1
75 IN 76 81 1 0.500000 4 1
76 IN 77 80 10 0.500000 3 1
77 IN 78 79 2 0.500000 2 1
78 LN -1 -1 -1 -1.000000 1 1
79 LN -1 -1 -1 -1.000000 1 1
80 LN -1 -1 -1 -1.000000 1 1
81 LN -1 -1 -1 -1.000000 1 1
82 IN 83 92 1 0.500000 5 1
83 IN 84 89 2 0.500000 4 1
84 IN 85 88 10 0.500000 3 1
85 IN 86 87 11 0.500000 2 1
86 LN -1 -1 -1 -1.000000 1 1
87 LN -1 -1 -1 -1.000000 1 1
88 LN -1 -1 -1 -1.000000 1 0
89 IN 90 91 11 0.500000 2 1
90 LN -1 -1 -1 -1.000000 1 0
91 LN -1 -1 -1 -1.000000 1 1
92 IN 93 96 9 0.500000 3 1
93 IN 94 95 11 0.500000 2 1
94 LN -1 -1 -1 -1.000000 1 1
95 LN -1 -1 -1 -1.000000 1 1
96 LN -1 -1 -1 -1.000000 1 1
97 IN 98 101 10 0.500000 3 1
98 IN 99 100 2 0.500000 2 1
99 LN -1 -1 -1 -1.000000 1 0
100 LN -1 -1 -1 -1.000000 1 1
101 LN -1 -1 -1 -1.000000 1 0
102 IN 103 182 10 0.500000 9 1
103 IN 104 153 11 0.500000 8 0
104 IN 105 136 1 0.500000 7 0
105 IN 106 111 6 0.500000 6 0
106 IN 107 108 2 0.500000 3 0
107 LN -1 -1 -1 -1.000000 1 0
108 IN 109 110 0 0.500000 2 0
109 LN -1 -1 -1 -1.000000 1 0
110 LN -1 -1 -1 -1.000000 1 0
111 IN 112 127 0 0.500000 5 0
112 IN 113 120 7 0.500000 4 0
113 IN 114 117 9 0.500000 3 1
114 IN 115 116 2 0.500000 2 1
115 LN -1 -1 -1 -1.000000 1 0
116 LN -1 -1 -1 -1.000000 1 1
117 IN 118 119 2 0.500000 2 1
118 LN -1 -1 -1 -1.000000 1 1
119 LN -1 -1 -1 -1.000000 1 1
120 IN 121 124 8 0.500000 3 0
121 IN 122 123 2 0.500000 2 0
122 LN -1 -1 -1 -1.000000 1 0
123 LN -1 -1 -1 -1.000000 1 0
124 IN 125 126 2 0.500000 2 0
125 LN -1 -1 -1 -1.000000 1 0
126 LN -1 -1 -1 -1.000000 1 0
127 IN 128 131 2 0.500000 4 0
128 IN 129 130 9 0.500000 2 0
129 LN -1 -1 -1 -1.000000 1 0
130 LN -1 -1 -1 -1.000000 1 1
131 IN 132 133 9 0.500000 3 0
132 LN -1 -1 -1 -1.000000 1 0
133 IN 134 135 7 0.500000 2 0
134 LN -1 -1 -1 -1.000000 1 0
135 LN -1 -1 -1 -1.000000 1 0
136 IN 137 144 9 0.500000 5 1
137 IN 138 139 6 0.500000 4 1
138 LN -1 -1 -1 -1.000000 1 1
139 IN 140 143 0 0.500000 3 1
140 IN 141 142 7 0.500000 2 1
141 LN -1 -1 -1 -1.000000 1 1
142 LN -1 -1 -1 -1.000000 1 0
143 LN -1 -1 -1 -1.000000 1 1
144 IN 145 146 6 0.500000 4 1
145 LN -1 -1 -1 -1.000000 1 1
146 IN 147 150 0 0.500000 3 1
147 IN 148 149 7 0.500000 2 1
148 LN -1 -1 -1 -1.000000 1 1
149 LN -1 -1 -1 -1.000000 1 1
150 IN 151 152 7 0.500000 2 0
151 LN -1 -1 -1 -1.000000 1 0
152 LN -1 -1 -1 -1.000000 1 0
153 IN 154 171 7 0.500000 6 1
154 IN 155 170 1 0.500000 5 1
155 IN 156 163 6 0.500000 4 1
156 IN 157 160 0 0.500000 3 1
157 IN 158 159 2 0.500000 2 1
158 LN -1 -1 -1 -1.000000 1 1
159 LN -1 -1 -1 -1.000000 1 1
160 IN 161 162 2 0.500000 2 0
161 LN -1 -1 -1 -1.000000 1 0
162 LN -1 -1 -1 -1.000000 1 1
163 IN 164 167 2 0.500000 3 1
164 IN 165 166 0 0.500000 2 1
165 LN -1 -1 -1 -1.000000 1 1
166 LN -1 -1 -1 -1.000000 1 1
167 IN 168 169 0 0.500000 2 1
168 LN -1 -1 -1 -1.000000 1 1
169 LN -1 -1 -1 -1.000000 1 1
170 LN -1 -1 -1 -1.000000 1 1
171 IN 172 177 0 0.500000 4 1
172 IN 173 176 1 0.500000 3 1
173 IN 174 175 2 0.500000 2 1
174 LN -1 -1 -1 -1.000000 1 1
175 LN -1 -1 -1 -1.000000 1 1
176 LN -1 -1 -1 -1.000000 1 1
177 IN 178 179 2 0.500000 3 1
178 LN -1 -1 -1 -1.000000 1 1
179 IN 180 181 1 0.500000 2 1
180 LN -1 -1 -1 -1.000000 1 0
181 LN -1 -1 -1 -1.000000 1 1
182 IN 183 192 6 0.500000 6 1
183 IN 184 189 0 0.500000 4 1
184 IN 185 186 2 0.500000 3 1
185 LN -1 -1 -1 -1.000000 1 1
186 IN 187 188 1 0.500000 2 1
187 LN -1 -1 -1 -1.000000 1 1
188 LN -1 -1 -1 -1.000000 1 1
189 IN 190 191 1 0.500000 2 0
190 LN -1 -1 -1 -1.000000 1 0
191 LN -1 -1 -1 -1.000000 1 1
192 IN 193 206 1 0.500000 5 1
193 IN 194 201 2 0.500000 4 1
194 IN 195 198 0 0.500000 3 1
195 IN 196 197 7 0.500000 2 1
196 LN -1 -1 -1 -1.000000 1 1
197 LN -1 -1 -1 -1.000000 1 1
198 IN 199 200 7 0.500000 2 1
199 LN -1 -1 -1 -1.000000 1 0
200 LN -1 -1 -1 -1.000000 1 1
201 IN 202 203 7 0.500000 3 1
202 LN -1 -1 -1 -1.000000 1 1
203 IN 204 205 0 0.500000 2 1
204 LN -1 -1 -1 -1.000000 1 1
205 LN -1 -1 -1 -1.000000 1 1
206 IN 207 210 0 0.500000 3 1
207 IN 208 209 7 0.500000 2 1
208 LN -1 -1 -1 -1.000000 1 1
209 LN -1 -1 -1 -1.000000 1 1
210 LN -1 -1 -1 -1.000000 1 1

[TREE 2]
NB_NODES: 203
0 IN 1 136 11 0.500000 11 0
1 IN 2 71 2 0.500000 10 0
2 IN 3 44 10 0.500000 9 0
3 IN 4 29 3 0.500000 8 0
4 IN 5 16 9 0.500000 7 0
5 IN 6 9 7 0.500000 4 0
6 IN 7 8 0 0.500000 2 0
7 LN -1 -1 -1 -1.000000 1 0
8 LN -1 -1 -1 -1.000000 1 0
9 IN 10 13 4 0.500000 3 0
10 IN 11 12 0 0.500000 2 0
11 LN -1 -1 -1 -1.000000 1 0
12 LN -1 -1 -1 -1.000000 1 0
13 IN 14 15 0 0.500000 2 0
14 LN -1 -1 -1 -1.000000 1 0
15 LN -1 -1 -1 -1.000000 1 0
16 IN 17 18 6 0.500000 6 0
17 LN -1 -1 -1 -1.000000 1 0
18 IN 19 20 5 0.500000 5 0
19 LN -1 -1 -1 -1.000000 1 1
20 IN 21 26 0 0.500000 4 0
21 IN 22 23 7 0.500000 3 0
22 LN -1 -1 -1 -1.000000 1 0
23 IN 24 25 4 0.500000 2 0
24 LN -1 -1 -1 -1.000000 1 0
25 LN -1 -1 -1 -1.000000 1 0
26 IN 27 28 4 0.500000 2 0
27 LN -1 -1 -1 -1.000000 1 0
28 LN -1 -1 -1 -1.000000 1 0
29 IN 30 35 9 0.500000 6 0
30 IN 31 34 0 0.500000 3 0
31 IN 32 33 7 0.500000 2 0
32 LN -1 -1 -1 -1.000000 1 0
33 LN -1 -1 -1 -1.000000 1 0
34 LN -1 -1 -1 -1.000000 1 0
35 IN 36 43 0 0.500000 5 0
36 IN 37 42 7 0.500000 4 0
37 IN 38 39 5 0.500000 3 1
38 LN -1 -1 -1 -1.000000 1 1
39 IN 40 41 6 0.500000 2 1
40 LN -1 -1 -1 -1.000000 1 0
41 LN -1 -1 -1 -1.000000 1 1
42 LN -1 -1 -1 -1.000000 1 0
43 LN -1 -1 -1 -1.000000 1 0
44 IN 45 48 4 0.500000 7 0
45 IN 46 47 0 0.500000 2 0
46 LN -1 -1 -1 -1.000000 1 0
47 LN -1 -1 -1 -1.000000 1 0
48 IN 49 60 3 0.500000 6 0
49 IN 50 51 6 0.500000 5 0
50 LN -1 -1 -1 -1.000000 1 1
51 IN 52 53 5 0.500000 4 0
52 LN -1 -1 -1 -1.000000 1 1
53 IN 54 57 7 0.500000 3 0
54 IN 55 56 0 0.500000 2 1
55 LN -1 -1 -1 -1.000000 1 0
56 LN -1 -1 -1 -1.000000 1 1
57 IN 58 59 0 0.500000 2 0
58 LN -1 -1 -1 -1.000000 1 0
59 LN -1 -1 -1 -1.000000 1 0
60 IN 61 62 5 0.500000 5 1
61 LN -1 -1 -1 -1.000000 1 1
62 IN 63 64 6 0.500000 4 1
63 LN -1 -1 -1 -1.000000 1 1
64 IN 65 68 0 0.500000 3 1
65 IN 66 67 7 0.500000 2 0
66 LN -1 -1 -1 -1.000000 1 0
67 LN -1 -1 -1 -1.000000 1 1
68 IN 69 70 7 0.500000 2 1
69 LN -1 -1 -1 -1.000000 1 0
70 LN -1 -1 -1 -1.000000 1 1
71 IN 72 87 6 0.500000 8 1
72 IN 73 82 0 0.500000 5 1
73 IN 74 77 10 0.500000 4 1
74 IN 75 76 1 0.500000 2 1
75 LN -1 -1 -1 -1.000000 1 0
76 LN -1 -1 -1 -1.000000 1 1
77 IN 78 79 1 0.500000 3 1
78 LN -1 -1 -1 -1.000000 1 1
79 IN 80 81 5 0.500000 2 1
80 LN -1 -1 -1 -1.000000 1 0
81 LN -1 -1 -1 -1.000000 1 1
82 IN 83 86 10 0.500000 3 0
83 IN 84 85 1 0.500000 2 1
84 LN -1 -1 -1 -1.000000 1 0
85 LN -1 -1 -1 -1.000000 1 1
86 LN -1 -1 -1 -1.000000 1 0
87 IN 88 113 7 0.500000 7 1
88 IN 89 102 1 0.500000 6 1
89 IN 90 99 8 0.500000 5 1
90 IN 91 96 10 0.500000 4 0
91 IN 92 95 0 0.500000 3 0
92 IN 93 94 5 0.500000 2 1
93 LN -1 -1 -1 -1.000000 1 1
94 LN -1 -1 -1 -1.000000 1 0
95 LN -1 -1 -1 -1.000000 1 0
96 IN 97 98 5 0.500000 2 1
97 LN -1 -1 -1 -1.000000 1 1
98 LN -1 -1 -1 -1.000000 1 0
99 IN 100 101 0 0.500000 2 1
100 LN -1 -1 -1 -1.000000 1 1
101 LN -1 -1 -1 -1.000000 1 1
102 IN 103 112 0 0.500000 5 1
103 IN 104 109 10 0.500000 4 1
104 IN 105 108 8 0.500000 3 1
105 IN 106 107 5 0.500000 2 1
106 LN -1 -1 -1 -1.000000 1 1
107 LN -1 -1 -1 -1.000000 1 1
108 LN -1 -1 -1 -1.000000 1 1
109 IN 110 111 5 0.500000 2 1
110 LN -1 -1 -1 -1.000000 1 1
111 LN -1 -1 -1 -1.000000 1 1
112 LN -1 -1 -1 -1.000000 1 1
113 IN 114 129 8 0.500000 5 0
114 IN 115 122 0 0.500000 4 1
115 IN 116 119 9 0.500000 3 1
116 IN 117 118 1 0.500000 2 1
117 LN -1 -1 -1 -1.000000 1 1
118 LN -1 -1 -1 -1.000000 1 1
119 IN 120 121 1 0.500000 2 0
120 LN -1 -1 -1 -1.000000 1 0
121 LN -1 -1 -1 -1.000000 1 1
122 IN 123 126 1 0.500000 3 0
123 IN 124 125 9 0.500000 2 0
124 LN -1 -1 -1 -1.000000 1 1
125 LN -1 -1 -1 -1.000000 1 0
126 IN 127 128 10 0.500000 2 0
127 LN -1 -1 -1 -1.000000 1 0
128 LN -1 -1 -1 -1.000000 1 0
129 IN 130 133 1 0.500000 3 0
130 IN 131 132 0 0.500000 2 0
131 LN -1 -1 -1 -1.000000 1 0
132 LN -1 -1 -1 -1.000000 1 0
133 IN 134 135 0 0.500000 2 0
134 LN -1 -1 -1 -1.000000 1 0
135 LN -1 -1 -1 -1.000000 1 1
136 IN 137 160 6 0.500000 9 1
137 IN 138 151 2 0.500000 6 1
138 IN 139 142 5 0.500000 5 1
139 IN 140 141 3 0.500000 2 1
140 LN -1 -1 -1 -1.000000 1 1
141 LN -1 -1 -1 -1.000000 1 1
142 IN 143 146 0 0.500000 4 1
143 IN 144 145 3 0.500000 2 1
144 LN -1 -1 -1 -1.000000 1 1
145 LN -1 -1 -1 -1.000000 1 1
146 IN 147 150 3 0.500000 3 1
147 IN 148 149 4 0.500000 2 1
148 LN -1 -1 -1 -1.000000 1 1
149 LN -1 -1 -1 -1.000000 1 1
150 LN -1 -1 -1 -1.000000 1 0
151 IN 152 155 5 0.500000 4 1
152 IN 153 154 1 0.500000 2 1
153 LN -1 -1 -1 -1.000000 1 1
154 LN -1 -1 -1 -1.000000 1 1
155 IN 156 159 1 0.500000 3 1
156 IN 157 158 0 0.500000 2 1
157 LN -1 -1 -1 -1.000000 1 1
158 LN -1 -1 -1 -1.000000 1 1
159 LN -1 -1 -1 -1.000000 1 1
160 IN 161 170 4 0.500000 8 1
161 IN 162 167 0 0.500000 4 1
162 IN 163 164 5 0.500000 3 1
163 LN -1 -1 -1 -1.000000 1 0
164 IN 165 166 7 0.500000 2 1
165 LN -1 -1 -1 -1.000000 1 1
166 LN -1 -1 -1 -1.000000 1 1
167 IN 168 169 7 0.500000 2 0
168 LN -1 -1 -1 -1.000000 1 1
169 LN -1 -1 -1 -1.000000 1 0
170 IN 171 182 3 0.500000 7 1
171 IN 172 179 7 0.500000 4 1
172 IN 173 176 0 0.500000 3 1
173 IN 174 175 5 0.500000 2 1
174 LN -1 -1 -1 -1.000000 1 1
175 LN -1 -1 -1 -1.000000 1 1
176 IN 177 178 5 0.500000 2 0
177 LN -1 -1 -1 -1.000000 1 0
178 LN -1 -1 -1 -1.000000 1 0
179 IN 180 181 0 0.500000 2 1
180 LN -1 -1 -1 -1.000000 1 1
181 LN -1 -1 -1 -1.000000 1 1
182 IN 183 190 2 0.500000 6 1
183 IN 184 185 5 0.500000 4 1
184 LN -1 -1 -1 -1.000000 1 1
185 IN 186 189 0 0.500000 3 1
186 IN 187 188 7 0.500000 2 1
187 LN -1 -1 -1 -1.000000 1 1
188 LN -1 -1 -1 -1.000000 1 1
189 LN -1 -1 -1 -1.000000 1 1
190 IN 191 198 0 0.500000 5 1
191 IN 192 197 1 0.500000 4 1
192 IN 193 196 7 0.500000 3 1
193 IN 194 195 5 0.500000 2 1
194 LN -1 -1 -1 -1.000000 1 1
195 LN -1 -1 -1 -1.000000 1 1
196 LN -1 -1 -1 -1.000000 1 1
197 LN -1 -1 -1 -1.000000 1 1
198 IN 199 200 7 0.500000 3 1
199 LN -1 -1 -1 -1.000000 1 1
200 IN 201 202 1 0.500000 2 1
201 LN -1 -1 -1 -1.000000 1 0
202 LN -1 -1 -1 -1.000000 1 1

[TREE 3]
NB_NODES: 213
0 IN 1 24 4 0.500000 12 0
1 IN 2 21 8 0.500000 8 0
2 IN 3 4 6 0.500000 7 0
3 LN -1 -1 -1 -1.000000 1 1
4 IN 5 18 9 0.500000 6 0
5 IN 6 15 10 0.500000 5 0
6 IN 7 12 7 0.500000 4 1
7 IN 8 11 5 0.500000 3 1
8 IN 9 10 0 0.500000 2 0
9 LN -1 -1 -1 -1.000000 1 1
10 LN -1 -1 -1 -1.000000 1 0
11 LN -1 -1 -1 -1.000000 1 1
12 IN 13 14 0 0.500000 2 1
13 LN -1 -1 -1 -1.000000 1 1
14 LN -1 -1 -1 -1.000000 1 1
15 IN 16 17 0 0.500000 2 0
16 LN -1 -1 -1 -1.000000 1 0
17 LN -1 -1 -1 -1.000000 1 0
18 IN 19 20 0 0.500000 2 0
19 LN -1 -1 -1 -1.000000 1 0
20 LN -1 -1 -1 -1.000000 1 0
21 IN 22 23 0 0.500000 2 0
22 LN -1 -1 -1 -1.000000 1 0
23 LN -1 -1 -1 -1.000000 1 0
24 IN 25 150 7 0.500000 11 0
25 IN 26 107 0 0.500000 10 1
26 IN 27 90 9 0.500000 9 1
27 IN 28 43 3 0.500000 8 1
28 IN 29 36 11 0.500000 5 1
29 IN 30 31 10 0.500000 4 1
30 LN -1 -1 -1 -1.000000 1 0
31 IN 32 33 5 0.500000 3 1
32 LN -1 -1 -1 -1.000000 1 1
33 IN 34 35 6 0.500000 2 1
34 LN -1 -1 -1 -1.000000 1 0
35 LN -1 -1 -1 -1.000000 1 1
36 IN 37 40 6 0.500000 3 1
37 IN 38 39 5 0.500000 2 1
38 LN -1 -1 -1 -1.000000 1 1
39 LN -1 -1 -1 -1.000000 1 1
40 IN 41 42 5 0.500000 2 1
41 LN -1 -1 -1 -1.000000 1 1
42 LN -1 -1 -1 -1.000000 1 1
43 IN 44 71 11 0.500000 7 1
44 IN 45 54 6 0.500000 6 1
45 IN 46 49 2 0.500000 4 1
46 IN 47 48 5 0.500000 2 1
47 LN -1 -1 -1 -1.000000 1 1
48 LN -1 -1 -1 -1.000000 1 1
49 IN 50 51 1 0.500000 3 1
50 LN -1 -1 -1 -1.000000 1 1
51 IN 52 53 5 0.500000 2 1
52 LN -1 -1 -1 -1.000000 1 1
53 LN -1 -1 -1 -1.000000 1 1
54 IN 55 66 8 0.500000 5 1
55 IN 56 61 5 0.500000 4 1
56 IN 57 58 2 0.500000 3 1
57 LN -1 -1 -1 -1.000000 1 0
58 IN 59 60 1 0.500000 2 1
59 LN -1 -1 -1 -1.000000 1 1
60 LN -1 -1 -1 -1.000000 1 1
61 IN 62 65 1 0.500000 3 1
62 IN 63 64 2 0.500000 2 1
63 LN -1 -1 -1 -1.000000 1 1
64 LN -1 -1 -1 -1.000000 1 1
65 LN -1 -1 -1 -1.000000 1 1
66 IN 67 70 1 0.500000 3 1
67 IN 68 69 2 0.500000 2 1
68 LN -1 -1 -1 -1.000000 1 0
69 LN -1 -1 -1 -1.000000 1 1
70 LN -1 -1 -1 -1.000000 1 1
71 IN 72 81 5 0.500000 5 1
72 IN 73 78 6 0.500000 4 1
73 IN 74 77 1 0.500000 3 1
74 IN 75 76 2 0.500000 2 1
75 LN -1 -1 -1 -1.000000 1 1
76 LN -1 -1 -1 -1.000000 1 1
77 LN -1 -1 -1 -1.000000 1 1
78 IN 79 80 2 0.500000 2 1
79 LN -1 -1 -1 -1.000000 1 1
80 LN -1 -1 -1 -1.000000 1 1
81 IN 82 89 1 0.500000 4 1
82 IN 83 86 2 0.500000 3 1
83 IN 84 85 6 0.500000 2 1
84 LN -1 -1 -1 -1.000000 1 1
85 LN -1 -1 -1 -1.000000 1 1
86 IN 87 88 6 0.500000 2 1
87 LN -1 -1 -1 -1.000000 1 1
88 LN -1 -1 -1 -1.000000 1 1
89 LN -1 -1 -1 -1.000000 1 1
90 IN 91 92 3 0.500000 6 1
91 LN -1 -1 -1 -1.000000 1 0
92 IN 93 102 1 0.500000 5 1
93 IN 94 95 5 0.500000 4 1
94 LN -1 -1 -1 -1.000000 1 1
95 IN 96 99 2 0.500000 3 0
96 IN 97 98 6 0.500000 2 0
97 LN -1 -1 -1 -1.000000 1 0
98 LN -1 -1 -1 -1.000000 1 1
99 IN 100 101 6 0.500000 2 0
100 LN -1 -1 -1 -1.000000 1 0
101 LN -1 -1 -1 -1.000000 1 0
102 IN 103 104 5 0.500000 3 1
103 LN -1 -1 -1 -1.000000 1 1
104 IN 105 106 6 0.500000 2 1
105 LN -1 -1 -1 -1.000000 1 1
106 LN -1 -1 -1 -1.000000 1 1
107 IN 108 137 11 0.500000 7 1
108 IN 109 122 2 0.500000 6 0
109 IN 110 117 10 0.500000 5 0
110 IN 111 116 3 0.500000 4 0
111 IN 112 113 5 0.500000 3 0
112 LN -1 -1 -1 -1.000000 1 1
113 IN 114 115 8 0.500000 2 0
114 LN -1 -1 -1 -1.000000 1 0
115 LN -1 -1 -1 -1.000000 1 1
116 LN -1 -1 -1 -1.000000 1 0
117 IN 118 119 6 0.500000 3 0
118 LN -1 -1 -1 -1.000000 1 0
119 IN 120 121 3 0.500000 2 0
120 LN -1 -1 -1 -1.000000 1 1
121 LN -1 -1 -1 -1.000000 1 0
122 IN 123 132 6 0.500000 5 1
123 IN 124 129 9 0.500000 4 0
124 IN 125 126 5 0.500000 3 0
125 LN -1 -1 -1 -1.000000 1 0
126 IN 127 128 1 0.500000 2 0
127 LN -1 -1 -1 -1.000000 1 1
128 LN -1 -1 -1 -1.000000 1 0
129 IN 130 131 1 0.500000 2 0
130 LN -1 -1 -1 -1.000000 1 0
131 LN -1 -1 -1 -1.000000 1 1
132 IN 133 134 9 0.500000 3 1
133 LN -1 -1 -1 -1.000000 1 1
134 IN 135 136 5 0.500000 2 1
135 LN -1 -1 -1 -1.000000 1 1
136 LN -1 -1 -1 -1.000000 1 0
137 IN 138 141 5 0.500000 6 1
138 IN 139 140 2 0.500000 2 1
139 LN -1 -1 -1 -1.000000 1 1
140 LN -1 -1 -1 -1.000000 1 1
141 IN 142 149 1 0.500000 5 1
142 IN 143 148 2 0.500000 4 1
143 IN 144 147 6 0.500000 3 1
144 IN 145 146 3 0.500000 2 1
145 LN -1 -1 -1 -1.000000 1 1
146 LN -1 -1 -1 -1.000000 1 0
147 LN -1 -1 -1 -1.000000 1 1
148 LN -1 -1 -1 -1.000000 1 1
149 LN -1 -1 -1 -1.000000 1 1
150 IN 151 166 3 0.500000 8 0
151 IN 152 163 11 0.500000 5 0
152 IN 153 158 0 0.500000 4 0
153 IN 154 157 8 0.500000 3 0
154 IN 155 156 9 0.500000 2 0
155 LN -1 -1 -1 -1.000000 1 0
156 LN -1 -1 -1 -1.000000 1 0
157 LN -1 -1 -1 -1.000000 1 0
158 IN 159 162 8 0.500000 3 0
159 IN 160 161 10 0.500000 2 0
160 LN -1 -1 -1 -1.000000 1 0
161 LN -1 -1 -1 -1.000000 1 0
162 LN -1 -1 -1 -1.000000 1 0
163 IN 164 165 0 0.500000 2 1
164 LN -1 -1 -1 -1.000000 1 1
165 LN -1 -1 -1 -1.000000 1 1
166 IN 167 202 8 0.500000 7 0
167 IN 168 179 2 0.500000 6 1
168 IN 169 176 9 0.500000 4 1
169 IN 170 173 0 0.500000 3 1
170 IN 171 172 11 0.500000 2 1
171 LN -1 -1 -1 -1.000000 1 1
172 LN -1 -1 -1 -1.000000 1 1
173 IN 174 175 10 0.500000 2 1
174 LN -1 -1 -1 -1.000000 1 1
175 LN -1 -1 -1 -1.000000 1 1
176 IN 177 178 0 0.500000 2 0
177 LN -1 -1 -1 -1.000000 1 0
178 LN -1 -1 -1 -1.000000 1 0
179 IN 180 191 0 0.500000 5 1
180 IN 181 186 1 0.500000 4 1
181 IN 182 185 9 0.500000 3 1
182 IN 183 184 11 0.500000 2 1
183 LN -1 -1 -1 -1.000000 1 1
184 LN -1 -1 -1 -1.000000 1 1
185 LN -1 -1 -1 -1.000000 1 0
186 IN 187 190 10 0.500000 3 1
187 IN 188 189 11 0.500000 2 1
188 LN -1 -1 -1 -1.000000 1 1
189 LN -1 -1 -1 -1.000000 1 1
190 LN -1 -1 -1 -1.000000 1 1
191 IN 192 199 10 0.500000 4 0
192 IN 193 196 11 0.500000 3 0
193 IN 194 195 1 0.500000 2 0
194 LN -1 -1 -1 -1.000000 1 0
195 LN -1 -1 -1 -1.000000 1 0
196 IN 197 198 1 0.500000 2 1
197 LN -1 -1 -1 -1.000000 1 0
198 LN -1 -1 -1 -1.000000 1 1
199 IN 200 201 1 0.500000 2 1
200 LN -1 -1 -1 -1.000000 1 1
201 LN -1 -1 -1 -1.000000 1 1
202 IN 203 210 1 0.500000 4 0
203 IN 204 207 2 0.500000 3 0
204 IN 205 206 0 0.500000 2 0
205 LN -1 -1 -1 -1.000000 1 0
206 LN -1 -1 -1 -1.000000 1 0
207 IN 208 209 0 0.500000 2 0
208 LN -1 -1 -1 -1.000000 1 0
209 LN -1 -1 -1 -1.000000 1 0
210 IN 211 212 0 0.500000 2 1
211 LN -1 -1 -1 -1.000000 1 1
212 LN -1 -1 -1 -1.000000 1 0

[TREE 4]
NB_NODES: 209
0 IN 1 70 3 0.500000 11 0
1 IN 2 11 6 0.500000 8 0
2 IN 3 10 9 0.500000 5 1
3 IN 4 5 11 0.500000 4 1
4 LN -1 -1 -1 -1.000000 1 1
5 IN 6 7 5 0.500000 3 1
6 LN -1 -1 -1 -1.000000 1 1
7 IN 8 9 0 0.500000 2 1
8 LN -1 -1 -1 -1.000000 1 1
9 LN -1 -1 -1 -1.000000 1 1
10 LN -1 -1 -1 -1.000000 1 0
11 IN 12 49 11 0.500000 7 0
12 IN 13 36 10 0.500000 6 0
13 IN 14 25 8 0.500000 5 0
14 IN 15 18 7 0.500000 4 0
15 IN 16 17 5 0.500000 2 0
16 LN -1 -1 -1 -1.000000 1 1
17 LN -1 -1 -1 -1.000000 1 0
18 IN 19 22 0 0.500000 3 0
19 IN 20 21 4 0.500000 2 0
20 LN -1 -1 -1 -1.000000 1 0
21 LN -1 -1 -1 -1.000000 1 0
22 IN 23 24 4 0.500000 2 0
23 LN -1 -1 -1 -1.000000 1 0
24 LN -1 -1 -1 -1.000000 1 0
25 IN 26 29 7 0.500000 4 0
26 IN 27 28 0 0.500000 2 0
27 LN -1 -1 -1 -1.000000 1 0
28 LN -1 -1 -1 -1.000000 1 1
29 IN 30 33 0 0.500000 3 0
30 IN 31 32 4 0.500000 2 0
31 LN -1 -1 -1 -1.000000 1 0
32 LN -1 -1 -1 -1.000000 1 0
33 IN 34 35 4 0.500000 2 0
34 LN -1 -1 -1 -1.000000 1 0
35 LN -1 -1 -1 -1.000000 1 0
36 IN 37 44 0 0.500000 4 0
37 IN 38 41 7 0.500000 3 0
38 IN 39 40 5 0.500000 2 1
39 LN -1 -1 -1 -1.000000 1 1
40 LN -1 -1 -1 -1.000000 1 1
41 IN 42 43 4 0.500000 2 0
42 LN -1 -1 -1 -1.000000 1 0
43 LN -1 -1 -1 -1.000000 1 0
44 IN 45 46 7 0.500000 3 0
45 LN -1 -1 -1 -1.000000 1 1
46 IN 47 48 4 0.500000 2 0
47 LN -1 -1 -1 -1.000000 1 0
48 LN -1 -1 -1 -1.000000 1 0
49 IN 50 59 4 0.500000 5 1
50 IN 51 56 0 0.500000 4 1
51 IN 52 53 5 0.500000 3 1
52 LN -1 -1 -1 -1.000000 1 1
53 IN 54 55 7 0.500000 2 1
54 LN -1 -1 -1 -1.000000 1 1
55 LN -1 -1 -1 -1.000000 1 1
56 IN 57 58 7 0.500000 2 0
57 LN -1 -1 -1 -1.000000 1 0
58 LN -1 -1 -1 -1.000000 1 0
59 IN 60 67 7 0.500000 4 1
60 IN 61 64 5 0.500000 3 1
61 IN 62 63 0 0.500000 2 1
62 LN -1 -1 -1 -1.000000 1 1
63 LN -1 -1 -1 -1.000000 1 0
64 IN 65 66 0 0.500000 2 1
65 LN -1 -1 -1 -1.000000 1 1
66 LN -1 -1 -1 -1.000000 1 0
67 IN 68 69 0 0.500000 2 1
68 LN -1 -1 -1 -1.000000 1 1
69 LN -1 -1 -1 -1.000000 1 1
70 IN 71 100 5 0.500000 10 1
71 IN 72 81 2 0.500000 7 1
72 IN 73 78 11 0.500000 4 1
73 IN 74 75 6 0.500000 3 0
74 LN -1 -1 -1 -1.000000 1 0
75 IN 76 77 10 0.500000 2 0
76 LN -1 -1 -1 -1.000000 1 1
77 LN -1 -1 -1 -1.000000 1 0
78 IN 79 80 6 0.500000 2 1
79 LN -1 -1 -1 -1.000000 1 1
80 LN -1 -1 -1 -1.000000 1 1
81 IN 82 95 0 0.500000 6 1
82 IN 83 88 1 0.500000 5 1
83 IN 84 85 6 0.500000 3 1
84 LN -1 -1 -1 -1.000000 1 0
85 IN 86 87 11 0.500000 2 1
86 LN -1 -1 -1 -1.000000 1 1
87 LN -1 -1 -1 -1.000000 1 1
88 IN 89 94 11 0.500000 4 1
89 IN 90 91 6 0.500000 3 1
90 LN -1 -1 -1 -1.000000 1 0
91 IN 92 93 10 0.500000 2 1
92 LN -1 -1 -1 -1.000000 1 1
93 LN -1 -1 -1 -1.000000 1 1
94 LN -1 -1 -1 -1.000000 1 1
95 IN 96 99 1 0.500000 3 1
96 IN 97 98 11 0.500000 2 0
97 LN -1 -1 -1 -1.000000 1 0
98 LN -1 -1 -1 -1.000000 1 1
99 LN -1 -1 -1 -1.000000 1 1
100 IN 101 162 7 0.500000 9 1
101 IN 102 147 11 0.500000 8 1
102 IN 103 122 6 0.500000 7 1
103 IN 104 121 8 0.500000 6 1
104 IN 105 116 0 0.500000 5 1
105 IN 106 111 9 0.500000 4 1
106 IN 107 110 1 0.500000 3 1
107 IN 108 109 2 0.500000 2 1
108 LN -1 -1 -1 -1.000000 1 1
109 LN -1 -1 -1 -1.000000 1 1
110 LN -1 -1 -1 -1.000000 1 1
111 IN 112 113 2 0.500000 3 1
112 LN -1 -1 -1 -1.000000 1 0
113 IN 114 115 1 0.500000 2 1
114 LN -1 -1 -1 -1.000000 1 1
115 LN -1 -1 -1 -1.000000 1 1
116 IN 117 118 10 0.500000 3 0
117 LN -1 -1 -1 -1.000000 1 0
118 IN 119 120 1 0.500000 2 1
119 LN -1 -1 -1 -1.000000 1 1
120 LN -1 -1 -1 -1.000000 1 0
121 LN -1 -1 -1 -1.000000 1 1
122 IN 123 130 2 0.500000 6 1
123 IN 124 129 9 0.500000 4 0
124 IN 125 128 10 0.500000 3 0
125 IN 126 127 0 0.500000 2 0
126 LN -1 -1 -1 -1.000000 1 0
127 LN -1 -1 -1 -1.000000 1 0
128 LN -1 -1 -1 -1.000000 1 0
129 LN -1 -1 -1 -1.000000 1 0
130 IN 131 142 8 0.500000 5 1
131 IN 132 137 9 0.500000 4 1
132 IN 133 136 0 0.500000 3 1
133 IN 134 135 1 0.500000 2 1
134 LN -1 -1 -1 -1.000000 1 0
135 LN -1 -1 -1 -1.000000 1 1
136 LN -1 -1 -1 -1.000000 1 1
137 IN 138 141 0 0.500000 3 1
138 IN 139 140 1 0.500000 2 1
139 LN -1 -1 -1 -1.000000 1 1
140 LN -1 -1 -1 -1.000000 1 1
141 LN -1 -1 -1 -1.000000 1 0
142 IN 143 146 0 0.500000 3 1
143 IN 144 145 1 0.500000 2 1
144 LN -1 -1 -1 -1.000000 1 1
145 LN -1 -1 -1 -1.000000 1 1
146 LN -1 -1 -1 -1.000000 1 1
147 IN 148 159 0 0.500000 5 1
148 IN 149 152 2 0.500000 4 1
149 IN 150 151 6 0.500000 2 1
150 LN -1 -1 -1 -1.000000 1 1
151 LN -1 -1 -1 -1.000000 1 1
152 IN 153 156 6 0.500000 3 1
153 IN 154 155 1 0.500000 2 1
154 LN -1 -1 -1 -1.000000 1 1
155 LN -1 -1 -1 -1.000000 1 1
156 IN 157 158 1 0.500000 2 1
157 LN -1 -1 -1 -1.000000 1 1
158 LN -1 -1 -1 -1.000000 1 1
159 IN 160 161 6 0.500000 2 0
160 LN -1 -1 -1 -1.000000 1 0
161 LN -1 -1 -1 -1.000000 1 1
162 IN 163 198 10 0.500000 7 0
163 IN 164 181 0 0.500000 6 0
164 IN 165 176 1 0.500000 5 0
165 IN 166 173 8 0.500000 4 0
166 IN 167 170 11 0.500000 3 1
167 IN 168 169 2 0.500000 2 1
168 LN -1 -1 -1 -1.000000 1 1
169 LN -1 -1 -1 -1.000000 1 0
170 IN 171 172 2 0.500000 2 1
171 LN -1 -1 -1 -1.000000 1 1
172 LN -1 -1 -1 -1.000000 1 1
173 IN 174 175 2 0.500000 2 0
174 LN -1 -1 -1 -1.000000 1 0
175 LN -1 -1 -1 -1.000000 1 0
176 IN 177 180 11 0.500000 3 1
177 IN 178 179 8 0.500000 2 1
178 LN -1 -1 -1 -1.000000 1 1
179 LN -1 -1 -1 -1.000000 1 1
180 LN -1 -1 -1 -1.000000 1 1
181 IN 182 187 2 0.500000 5 0
182 IN 183 186 11 0.500000 3 0
183 IN 184 185 9 0.500000 2 0
184 LN -1 -1 -1 -1.000000 1 0
185 LN -1 -1 -1 -1.000000 1 0
186 LN -1 -1 -1 -1.000000 1 1
187 IN 188 193 1 0.500000 4 0
188 IN 189 192 11 0.500000 3 0
189 IN 190 191 9 0.500000 2 0
190 LN -1 -1 -1 -1.000000 1 0
191 LN -1 -1 -1 -1.000000 1 0
192 LN -1 -1 -1 -1.000000 1 1
193 IN 194 197 8 0.500000 3 0
194 IN 195 196 9 0.500000 2 0
195 LN -1 -1 -1 -1.000000 1 1
196 LN -1 -1 -1 -1.000000 1 0
197 LN -1 -1 -1 -1.000000 1 0
198 IN 199 202 2 0.500000 4 1
199 IN 200 201 0 0.500000 2 1
200 LN -1 -1 -1 -1.000000 1 1
201 LN -1 -1 -1 -1.000000 1 1
202 IN 203 206 1 0.500000 3 1
203 IN 204 205 0 0.500000 2 1
204 LN -1 -1 -1 -1.000000 1 1
205 LN -1 -1 -1 -1.000000 1 1
206 IN 207 208 0 0.500000 2 1
207 LN -1 -1 -1 -1.000000 1 1
208 LN -1 -1 -1 -1.000000 1 0

