DATASET_NAME: COMPAS-ProPublica
ENSEMBLE: RF
NB_TREES: 10
NB_FEATURES: 12
NB_CLASSES: 2
MAX_TREE_DEPTH: 4
Format: node / node type (LN - leave node, IN - internal node) left child / right child / feature / threshold / node_depth / majority class (starts with index 0)

[TREE 0]
NB_NODES: 31
0 IN 1 16 11 0.500000 5 0
1 IN 2 9 2 0.500000 4 0
2 IN 3 6 3 0.500000 3 0
3 IN 4 5 9 0.500000 2 0
4 LN -1 -1 -1 -1.000000 1 0
5 LN -1 -1 -1 -1.000000 1 0
6 IN 7 8 0 0.500000 2 0
7 LN -1 -1 -1 -1.000000 1 0
8 LN -1 -1 -1 -1.000000 1 0
9 IN 10 13 8 0.500000 3 1
10 IN 11 12 0 0.500000 2 1
11 LN -1 -1 -1 -1.000000 1 1
12 LN -1 -1 -1 -1.000000 1 1
13 IN 14 15 1 0.500000 2 0
14 LN -1 -1 -1 -1.000000 1 0
15 LN -1 -1 -1 -1.000000 1 1
16 IN 17 24 4 0.500000 4 1
17 IN 18 21 0 0.500000 3 1
18 IN 19 20 5 0.500000 2 1
19 LN -1 -1 -1 -1.000000 1 1
20 LN -1 -1 -1 -1.000000 1 1
21 IN 22 23 7 0.500000 2 0
22 LN -1 -1 -1 -1.000000 1 0
23 LN -1 -1 -1 -1.000000 1 0
24 IN 25 28 3 0.500000 3 1
25 IN 26 27 6 0.500000 2 1
26 LN -1 -1 -1 -1.000000 1 1
27 LN -1 -1 -1 -1.000000 1 1
28 IN 29 30 6 0.500000 2 1
29 LN -1 -1 -1 -1.000000 1 1
30 LN -1 -1 -1 -1.000000 1 1

[TREE 1]
NB_NODES: 31
0 IN 1 16 3 0.500000 5 0
1 IN 2 9 0 0.500000 4 0
2 IN 3 6 8 0.500000 3 0
3 IN 4 5 7 0.500000 2 1
4 LN -1 -1 -1 -1.000000 1 1
5 LN -1 -1 -1 -1.000000 1 0
6 IN 7 8 4 0.500000 2 0
7 LN -1 -1 -1 -1.000000 1 0
8 LN -1 -1 -1 -1.000000 1 0
9 IN 10 13 8 0.500000 3 0
10 IN 11 12 11 0.500000 2 0
11 LN -1 -1 -1 -1.000000 1 0
12 LN -1 -1 -1 -1.000000 1 1
13 IN 14 15 7 0.500000 2 0
14 LN -1 -1 -1 -1.000000 1 0
15 LN -1 -1 -1 -1.000000 1 0
16 IN 17 24 7 0.500000 4 1
17 IN 18 21 8 0.500000 3 1
18 IN 19 20 9 0.500000 2 1
19 LN -1 -1 -1 -1.000000 1 1
20 LN -1 -1 -1 -1.000000 1 1
21 IN 22 23 2 0.500000 2 1
22 LN -1 -1 -1 -1.000000 1 0
23 LN -1 -1 -1 -1.000000 1 1
24 IN 25 28 1 0.500000 3 0
25 IN 26 27 11 0.500000 2 0
26 LN -1 -1 -1 -1.000000 1 0
27 LN -1 -1 -1 -1.000000 1 1
28 IN 29 30 10 0.500000 2 1
29 LN -1 -1 -1 -1.000000 1 1
30 LN -1 -1 -1 -1.000000 1 1

[TREE 2]
NB_NODES: 29
0 IN 1 16 11 0.500000 5 0
1 IN 2 9 2 0.500000 4 0
2 IN 3 6 10 0.500000 3 0
3 IN 4 5 3 0.500000 2 0
4 LN -1 -1 -1 -1.000000 1 0
5 LN -1 -1 -1 -1.000000 1 0
6 IN 7 8 0 0.500000 2 0
7 LN -1 -1 -1 -1.000000 1 0
8 LN -1 -1 -1 -1.000000 1 0
9 IN 10 13 9 0.500000 3 1
10 IN 11 12 10 0.500000 2 1
11 LN -1 -1 -1 -1.000000 1 0
12 LN -1 -1 -1 -1.000000 1 1
13 IN 14 15 7 0.500000 2 1
14 LN -1 -1 -1 -1.000000 1 1
15 LN -1 -1 -1 -1.000000 1 0
16 IN 17 24 2 0.500000 4 1
17 IN 18 21 5 0.500000 3 1
18 IN 19 20 0 0.500000 2 1
19 LN -1 -1 -1 -1.000000 1 1
20 LN -1 -1 -1 -1.000000 1 0
21 IN 22 23 4 0.500000 2 1
22 LN -1 -1 -1 -1.000000 1 1
23 LN -1 -1 -1 -1.000000 1 1
24 IN 25 28 1 0.500000 3 1
25 IN 26 27 7 0.500000 2 1
26 LN -1 -1 -1 -1.000000 1 1
27 LN -1 -1 -1 -1.000000 1 1
28 LN -1 -1 -1 -1.000000 1 1

[TREE 3]
NB_NODES: 25
0 IN 1 10 4 0.500000 5 0
1 IN 2 7 8 0.500000 4 0
2 IN 3 4 6 0.500000 3 0
3 LN -1 -1 -1 -1.000000 1 1
4 IN 5 6 9 0.500000 2 0
5 LN -1 -1 -1 -1.000000 1 0
6 LN -1 -1 -1 -1.000000 1 0
7 IN 8 9 0 0.500000 2 0
8 LN -1 -1 -1 -1.000000 1 0
9 LN -1 -1 -1 -1.000000 1 0
10 IN 11 18 8 0.500000 4 0
11 IN 12 15 6 0.500000 3 1
12 IN 13 14 0 0.500000 2 1
13 LN -1 -1 -1 -1.000000 1 1
14 LN -1 -1 -1 -1.000000 1 0
15 IN 16 17 7 0.500000 2 1
16 LN -1 -1 -1 -1.000000 1 1
17 LN -1 -1 -1 -1.000000 1 1
18 IN 19 22 1 0.500000 3 0
19 IN 20 21 2 0.500000 2 0
20 LN -1 -1 -1 -1.000000 1 0
21 LN -1 -1 -1 -1.000000 1 0
22 IN 23 24 0 0.500000 2 1
23 LN -1 -1 -1 -1.000000 1 1
24 LN -1 -1 -1 -1.000000 1 0

[TREE 4]
NB_NODES: 29
0 IN 1 14 3 0.500000 5 0
1 IN 2 7 6 0.500000 4 0
2 IN 3 6 9 0.500000 3 1
3 IN 4 5 11 0.500000 2 1
4 LN -1 -1 -1 -1.000000 1 1
5 LN -1 -1 -1 -1.000000 1 1
6 LN -1 -1 -1 -1.000000 1 0
7 IN 8 11 7 0.500000 3 0
8 IN 9 10 8 0.500000 2 1
9 LN -1 -1 -1 -1.000000 1 1
10 LN -1 -1 -1 -1.000000 1 0
11 IN 12 13 4 0.500000 2 0
12 LN -1 -1 -1 -1.000000 1 0
13 LN -1 -1 -1 -1.000000 1 0
14 IN 15 22 7 0.500000 4 1
15 IN 16 19 1 0.500000 3 1
16 IN 17 18 5 0.500000 2 1
17 LN -1 -1 -1 -1.000000 1 1
18 LN -1 -1 -1 -1.000000 1 1
19 IN 20 21 5 0.500000 2 1
20 LN -1 -1 -1 -1.000000 1 1
21 LN -1 -1 -1 -1.000000 1 1
22 IN 23 26 8 0.500000 3 0
23 IN 24 25 0 0.500000 2 1
24 LN -1 -1 -1 -1.000000 1 1
25 LN -1 -1 -1 -1.000000 1 1
26 IN 27 28 2 0.500000 2 0
27 LN -1 -1 -1 -1.000000 1 0
28 LN -1 -1 -1 -1.000000 1 0

[TREE 5]
NB_NODES: 31
0 IN 1 16 7 0.500000 5 0
1 IN 2 9 0 0.500000 4 1
2 IN 3 6 9 0.500000 3 1
3 IN 4 5 11 0.500000 2 1
4 LN -1 -1 -1 -1.000000 1 1
5 LN -1 -1 -1 -1.000000 1 1
6 IN 7 8 2 0.500000 2 1
7 LN -1 -1 -1 -1.000000 1 0
8 LN -1 -1 -1 -1.000000 1 1
9 IN 10 13 9 0.500000 3 1
10 IN 11 12 4 0.500000 2 1
11 LN -1 -1 -1 -1.000000 1 1
12 LN -1 -1 -1 -1.000000 1 1
13 IN 14 15 2 0.500000 2 0
14 LN -1 -1 -1 -1.000000 1 0
15 LN -1 -1 -1 -1.000000 1 0
16 IN 17 24 4 0.500000 4 0
17 IN 18 21 0 0.500000 3 0
18 IN 19 20 11 0.500000 2 0
19 LN -1 -1 -1 -1.000000 1 0
20 LN -1 -1 -1 -1.000000 1 1
21 IN 22 23 8 0.500000 2 0
22 LN -1 -1 -1 -1.000000 1 0
23 LN -1 -1 -1 -1.000000 1 0
24 IN 25 28 9 0.500000 3 0
25 IN 26 27 2 0.500000 2 0
26 LN -1 -1 -1 -1.000000 1 0
27 LN -1 -1 -1 -1.000000 1 1
28 IN 29 30 2 0.500000 2 0
29 LN -1 -1 -1 -1.000000 1 0
30 LN -1 -1 -1 -1.000000 1 0

[TREE 6]
NB_NODES: 31
0 IN 1 16 11 0.500000 5 0
1 IN 2 9 7 0.500000 4 0
2 IN 3 6 1 0.500000 3 1
3 IN 4 5 6 0.500000 2 1
4 LN -1 -1 -1 -1.000000 1 1
5 LN -1 -1 -1 -1.000000 1 1
6 IN 7 8 6 0.500000 2 1
7 LN -1 -1 -1 -1.000000 1 1
8 LN -1 -1 -1 -1.000000 1 1
9 IN 10 13 3 0.500000 3 0
10 IN 11 12 8 0.500000 2 0
11 LN -1 -1 -1 -1.000000 1 0
12 LN -1 -1 -1 -1.000000 1 0
13 IN 14 15 9 0.500000 2 0
14 LN -1 -1 -1 -1.000000 1 0
15 LN -1 -1 -1 -1.000000 1 0
16 IN 17 24 7 0.500000 4 1
17 IN 18 21 3 0.500000 3 1
18 IN 19 20 0 0.500000 2 1
19 LN -1 -1 -1 -1.000000 1 1
20 LN -1 -1 -1 -1.000000 1 1
21 IN 22 23 0 0.500000 2 1
22 LN -1 -1 -1 -1.000000 1 1
23 LN -1 -1 -1 -1.000000 1 1
24 IN 25 28 0 0.500000 3 1
25 IN 26 27 2 0.500000 2 1
26 LN -1 -1 -1 -1.000000 1 1
27 LN -1 -1 -1 -1.000000 1 1
28 IN 29 30 1 0.500000 2 1
29 LN -1 -1 -1 -1.000000 1 1
30 LN -1 -1 -1 -1.000000 1 1

[TREE 7]
NB_NODES: 27
0 IN 1 12 4 0.500000 5 0
1 IN 2 9 9 0.500000 4 0
2 IN 3 6 11 0.500000 3 0
3 IN 4 5 10 0.500000 2 0
4 LN -1 -1 -1 -1.000000 1 0
5 LN -1 -1 -1 -1.000000 1 0
6 IN 7 8 0 0.500000 2 0
7 LN -1 -1 -1 -1.000000 1 0
8 LN -1 -1 -1 -1.000000 1 0
9 IN 10 11 0 0.500000 2 0
10 LN -1 -1 -1 -1.000000 1 0
11 LN -1 -1 -1 -1.000000 1 0
12 IN 13 20 8 0.500000 4 0
13 IN 14 17 5 0.500000 3 1
14 IN 15 16 1 0.500000 2 1
15 LN -1 -1 -1 -1.000000 1 1
16 LN -1 -1 -1 -1.000000 1 1
17 IN 18 19 9 0.500000 2 1
18 LN -1 -1 -1 -1.000000 1 1
19 LN -1 -1 -1 -1.000000 1 0
20 IN 21 24 7 0.500000 3 0
21 IN 22 23 0 0.500000 2 1
22 LN -1 -1 -1 -1.000000 1 1
23 LN -1 -1 -1 -1.000000 1 1
24 IN 25 26 1 0.500000 2 0
25 LN -1 -1 -1 -1.000000 1 0
26 LN -1 -1 -1 -1.000000 1 1

[TREE 8]
NB_NODES: 31
0 IN 1 16 7 0.500000 5 0
1 IN 2 9 6 0.500000 4 1
2 IN 3 6 10 0.500000 3 1
3 IN 4 5 8 0.500000 2 1
4 LN -1 -1 -1 -1.000000 1 1
5 LN -1 -1 -1 -1.000000 1 1
6 IN 7 8 3 0.500000 2 1
7 LN -1 -1 -1 -1.000000 1 0
8 LN -1 -1 -1 -1.000000 1 1
9 IN 10 13 8 0.500000 3 1
10 IN 11 12 10 0.500000 2 1
11 LN -1 -1 -1 -1.000000 1 1
12 LN -1 -1 -1 -1.000000 1 1
13 IN 14 15 3 0.500000 2 0
14 LN -1 -1 -1 -1.000000 1 0
15 LN -1 -1 -1 -1.000000 1 1
16 IN 17 24 11 0.500000 4 0
17 IN 18 21 10 0.500000 3 0
18 IN 19 20 9 0.500000 2 0
19 LN -1 -1 -1 -1.000000 1 0
20 LN -1 -1 -1 -1.000000 1 0
21 IN 22 23 0 0.500000 2 0
22 LN -1 -1 -1 -1.000000 1 0
23 LN -1 -1 -1 -1.000000 1 0
24 IN 25 28 4 0.500000 3 1
25 IN 26 27 0 0.500000 2 1
26 LN -1 -1 -1 -1.000000 1 1
27 LN -1 -1 -1 -1.000000 1 0
28 IN 29 30 0 0.500000 2 1
29 LN -1 -1 -1 -1.000000 1 1
30 LN -1 -1 -1 -1.000000 1 1

[TREE 9]
NB_NODES: 31
0 IN 1 16 6 0.500000 5 0
1 IN 2 9 2 0.500000 4 1
2 IN 3 6 11 0.500000 3 1
3 IN 4 5 0 0.500000 2 0
4 LN -1 -1 -1 -1.000000 1 0
5 LN -1 -1 -1 -1.000000 1 0
6 IN 7 8 0 0.500000 2 1
7 LN -1 -1 -1 -1.000000 1 1
8 LN -1 -1 -1 -1.000000 1 1
9 IN 10 13 5 0.500000 3 1
10 IN 11 12 1 0.500000 2 1
11 LN -1 -1 -1 -1.000000 1 1
12 LN -1 -1 -1 -1.000000 1 1
13 IN 14 15 1 0.500000 2 1
14 LN -1 -1 -1 -1.000000 1 1
15 LN -1 -1 -1 -1.000000 1 1
16 IN 17 24 8 0.500000 4 0
17 IN 18 21 9 0.500000 3 1
18 IN 19 20 2 0.500000 2 1
19 LN -1 -1 -1 -1.000000 1 1
20 LN -1 -1 -1 -1.000000 1 1
21 IN 22 23 2 0.500000 2 0
22 LN -1 -1 -1 -1.000000 1 0
23 LN -1 -1 -1 -1.000000 1 0
24 IN 25 28 1 0.500000 3 0
25 IN 26 27 2 0.500000 2 0
26 LN -1 -1 -1 -1.000000 1 0
27 LN -1 -1 -1 -1.000000 1 0
28 IN 29 30 7 0.500000 2 0
29 LN -1 -1 -1 -1.000000 1 1
30 LN -1 -1 -1 -1.000000 1 0

