DATASET_NAME: FICO
ENSEMBLE: RF
NB_TREES: 5
NB_FEATURES: 17
NB_CLASSES: 2
MAX_TREE_DEPTH: 4
Format: node / node type (LN - leave node, IN - internal node) left child / right child / feature / threshold / node_depth / majority class (starts with index 0)

[TREE 0]
NB_NODES: 31
0 IN 1 16 8 0.500000 5 0
1 IN 2 9 13 0.500000 4 0
2 IN 3 6 12 0.500000 3 0
3 IN 4 5 0 0.500000 2 0
4 LN -1 -1 -1 -1.000000 1 0
5 LN -1 -1 -1 -1.000000 1 1
6 IN 7 8 2 0.500000 2 0
7 LN -1 -1 -1 -1.000000 1 0
8 LN -1 -1 -1 -1.000000 1 1
9 IN 10 13 2 0.500000 3 1
10 IN 11 12 9 0.500000 2 0
11 LN -1 -1 -1 -1.000000 1 0
12 LN -1 -1 -1 -1.000000 1 0
13 IN 14 15 9 0.500000 2 1
14 LN -1 -1 -1 -1.000000 1 0
15 LN -1 -1 -1 -1.000000 1 1
16 IN 17 24 0 0.500000 4 1
17 IN 18 21 12 0.500000 3 0
18 IN 19 20 5 0.500000 2 0
19 LN -1 -1 -1 -1.000000 1 0
20 LN -1 -1 -1 -1.000000 1 0
21 IN 22 23 16 0.500000 2 1
22 LN -1 -1 -1 -1.000000 1 0
23 LN -1 -1 -1 -1.000000 1 1
24 IN 25 28 14 0.500000 3 1
25 IN 26 27 7 0.500000 2 1
26 LN -1 -1 -1 -1.000000 1 0
27 LN -1 -1 -1 -1.000000 1 1
28 IN 29 30 4 0.500000 2 1
29 LN -1 -1 -1 -1.000000 1 1
30 LN -1 -1 -1 -1.000000 1 1

[TREE 1]
NB_NODES: 31
0 IN 1 16 15 0.500000 5 0
1 IN 2 9 2 0.500000 4 0
2 IN 3 6 6 0.500000 3 0
3 IN 4 5 13 0.500000 2 0
4 LN -1 -1 -1 -1.000000 1 0
5 LN -1 -1 -1 -1.000000 1 0
6 IN 7 8 3 0.500000 2 0
7 LN -1 -1 -1 -1.000000 1 0
8 LN -1 -1 -1 -1.000000 1 0
9 IN 10 13 7 0.500000 3 0
10 IN 11 12 11 0.500000 2 0
11 LN -1 -1 -1 -1.000000 1 0
12 LN -1 -1 -1 -1.000000 1 0
13 IN 14 15 16 0.500000 2 0
14 LN -1 -1 -1 -1.000000 1 0
15 LN -1 -1 -1 -1.000000 1 0
16 IN 17 24 13 0.500000 4 1
17 IN 18 21 0 0.500000 3 0
18 IN 19 20 12 0.500000 2 0
19 LN -1 -1 -1 -1.000000 1 0
20 LN -1 -1 -1 -1.000000 1 0
21 IN 22 23 12 0.500000 2 1
22 LN -1 -1 -1 -1.000000 1 1
23 LN -1 -1 -1 -1.000000 1 1
24 IN 25 28 8 0.500000 3 1
25 IN 26 27 3 0.500000 2 1
26 LN -1 -1 -1 -1.000000 1 1
27 LN -1 -1 -1 -1.000000 1 1
28 IN 29 30 12 0.500000 2 1
29 LN -1 -1 -1 -1.000000 1 1
30 LN -1 -1 -1 -1.000000 1 1

[TREE 2]
NB_NODES: 31
0 IN 1 16 2 0.500000 5 0
1 IN 2 9 3 0.500000 4 0
2 IN 3 6 5 0.500000 3 0
3 IN 4 5 7 0.500000 2 0
4 LN -1 -1 -1 -1.000000 1 0
5 LN -1 -1 -1 -1.000000 1 0
6 IN 7 8 4 0.500000 2 0
7 LN -1 -1 -1 -1.000000 1 0
8 LN -1 -1 -1 -1.000000 1 0
9 IN 10 13 14 0.500000 3 0
10 IN 11 12 9 0.500000 2 0
11 LN -1 -1 -1 -1.000000 1 0
12 LN -1 -1 -1 -1.000000 1 0
13 IN 14 15 13 0.500000 2 0
14 LN -1 -1 -1 -1.000000 1 0
15 LN -1 -1 -1 -1.000000 1 1
16 IN 17 24 1 0.500000 4 1
17 IN 18 21 5 0.500000 3 0
18 IN 19 20 14 0.500000 2 0
19 LN -1 -1 -1 -1.000000 1 0
20 LN -1 -1 -1 -1.000000 1 0
21 IN 22 23 12 0.500000 2 0
22 LN -1 -1 -1 -1.000000 1 0
23 LN -1 -1 -1 -1.000000 1 0
24 IN 25 28 0 0.500000 3 1
25 IN 26 27 12 0.500000 2 1
26 LN -1 -1 -1 -1.000000 1 0
27 LN -1 -1 -1 -1.000000 1 1
28 IN 29 30 12 0.500000 2 1
29 LN -1 -1 -1 -1.000000 1 1
30 LN -1 -1 -1 -1.000000 1 1

[TREE 3]
NB_NODES: 31
0 IN 1 16 12 0.500000 5 0
1 IN 2 9 0 0.500000 4 0
2 IN 3 6 2 0.500000 3 0
3 IN 4 5 4 0.500000 2 0
4 LN -1 -1 -1 -1.000000 1 0
5 LN -1 -1 -1 -1.000000 1 0
6 IN 7 8 11 0.500000 2 0
7 LN -1 -1 -1 -1.000000 1 0
8 LN -1 -1 -1 -1.000000 1 0
9 IN 10 13 5 0.500000 3 1
10 IN 11 12 14 0.500000 2 0
11 LN -1 -1 -1 -1.000000 1 0
12 LN -1 -1 -1 -1.000000 1 0
13 IN 14 15 7 0.500000 2 1
14 LN -1 -1 -1 -1.000000 1 1
15 LN -1 -1 -1 -1.000000 1 1
16 IN 17 24 13 0.500000 4 1
17 IN 18 21 9 0.500000 3 1
18 IN 19 20 3 0.500000 2 0
19 LN -1 -1 -1 -1.000000 1 0
20 LN -1 -1 -1 -1.000000 1 0
21 IN 22 23 16 0.500000 2 1
22 LN -1 -1 -1 -1.000000 1 1
23 LN -1 -1 -1 -1.000000 1 1
24 IN 25 28 9 0.500000 3 1
25 IN 26 27 15 0.500000 2 0
26 LN -1 -1 -1 -1.000000 1 0
27 LN -1 -1 -1 -1.000000 1 1
28 IN 29 30 10 0.500000 2 1
29 LN -1 -1 -1 -1.000000 1 1
30 LN -1 -1 -1 -1.000000 1 1

[TREE 4]
NB_NODES: 31
0 IN 1 16 14 0.500000 5 0
1 IN 2 9 0 0.500000 4 0
2 IN 3 6 1 0.500000 3 0
3 IN 4 5 12 0.500000 2 0
4 LN -1 -1 -1 -1.000000 1 0
5 LN -1 -1 -1 -1.000000 1 0
6 IN 7 8 6 0.500000 2 0
7 LN -1 -1 -1 -1.000000 1 0
8 LN -1 -1 -1 -1.000000 1 1
9 IN 10 13 5 0.500000 3 1
10 IN 11 12 12 0.500000 2 0
11 LN -1 -1 -1 -1.000000 1 0
12 LN -1 -1 -1 -1.000000 1 1
13 IN 14 15 6 0.500000 2 1
14 LN -1 -1 -1 -1.000000 1 1
15 LN -1 -1 -1 -1.000000 1 0
16 IN 17 24 0 0.500000 4 1
17 IN 18 21 1 0.500000 3 0
18 IN 19 20 2 0.500000 2 0
19 LN -1 -1 -1 -1.000000 1 0
20 LN -1 -1 -1 -1.000000 1 0
21 IN 22 23 10 0.500000 2 1
22 LN -1 -1 -1 -1.000000 1 0
23 LN -1 -1 -1 -1.000000 1 1
24 IN 25 28 7 0.500000 3 1
25 IN 26 27 12 0.500000 2 1
26 LN -1 -1 -1 -1.000000 1 1
27 LN -1 -1 -1 -1.000000 1 1
28 IN 29 30 8 0.500000 2 1
29 LN -1 -1 -1 -1.000000 1 1
30 LN -1 -1 -1 -1.000000 1 1

